50010 0ABC F 63 77 73 851141252 7    011114 9 9  11 34 02 1823         88120107106 88                                                                     85 80 92 82 80 87                                                                                                       89 81109 83 95 88 95 95 81 84                           
50020 0ABC F 63 61 67 601140311 9 0 0    14 6 5 31334431021720185663   90114100 89 66 81 68 8036 7941 8138                                                                                                                                                                                                                                
50030 0ABC F 11 81 82 89    152 6                                      74                                                                                                                                                                                                                                                                 
50040 0ABC F122 93 91 9712  152             9    2  6  4  34           92123100100                                                                                                                                                                                                                                                        
50050 0ABC M 13 98 98 981238171 9    000022 8    3  4  3  28           96132111130                                                                        99103 93 90 92 90                                                                                                       90 91 88102 92 98 92 87 90 97                           
50060 0ABC F 32 91 91 9410  162      0101   5    1  3  2  21           90120116108                                                                                 89 86 95                                                                                                                      89 95 91 91 88                           
50070 0ABC F 21 83 86 83 841232 9    001011 8 9 6223335312252528       86 96 94 91 90 77 71   36                                                          82 88 78 80 74 90                                                                                                       82 96 87 75 85 81 97 84 87 87                           
5101000ABC M 93 77 86 691039181 9   0010111 6 7 8343665321262931445769 91 99 89112 98 79 90 845610157 8251 84 90 81  81.00101  64.00  84.00  90.00  80.00 79 94 72 89101 80                                                                         74 87       80 74102       82 82 85 78 92 83 88 92 92 89 92 93 87110 96 97 93 90 5 8 8
5102000ABC M 13 97103 891240212 9 012111117 9 7 8145566345333536656570119 99 81120103 77 86 92481065510558104102105  97.00103  91.00 101.00 103.00 100.00 99 90109106 90121                                                                         77 77       74 72 85       74 71 74 72 94 73 95104 84 85 91103 92101 93 95112100 410 8
5103000ABC M 63 81 74 94124018110 612111116 6 5 7344566324282635605963 96103 79109 81 77 73 7832 8235 9036 84 72 99  89.00 81 101.00  86.00  74.00 102.00 81 73 93 87 77101                                                                         83 95       82 83 75       79 80 78 85 88 81 79 79 84 81 80 77 92 78 93 95 93 941011 8
5104000ABC M113 84 81 90 940182 9    111127 5    1  5  1  22          102120102122                                   97.00 85 112.00 115.00  96.00 130.50 97 81117101 74121                                                                         65 82       65 65 74       72 62 71 73 77 63 91 78 69 80 73 84 84 83 84    92 82 7 8 6
5105000ABC M111 67 63 78 737292 912 41111   7 4 5312656303261826604952 98111 96119 85 85 81 7244 8543 6833 71 80 76  70.00 73  71.00  68.00  64.00  74.00 71 68 72 80 78 86                                                                            74       69 69 84       74 77 72 77 63 77 80 79 84 75 73 92 93 85 87 95102 971314 9
5106000ABC F 52 83 82 88 838231 9 1 0101016 7 3 7114435212231728333565 77 91 86117 93 85 86 8339 8845 9045 92 92 93  91.00 90  93.00  85.00  80.00  93.00 90 80104 99 80106                                                                            75       74 69 84       74 80 87 90 73 82 91 86 84 84 77 97 99 90 90 92 91 88 8 815
5107000ABC M 23 97 931021240202 9 0101011221010 8134666640353626495270102 83120106 98 88 81 8834 8238 7834 78 79 82  87.00 87  90.00  78.00  77.00  82.00 85 86 87 83 79 90                                                                         80 81       78 84 84       83 87 72 78 85 82 85 92 85 91 86 95 93 93 87 95 99 931114 6
5108000ABC F 13 78 77 82 741261 8 612101011 8 5 9212435423311827556365119120105110 83 77 84 9441 8944 9247 96 97 95  97.00 98  96.00 101.00 101.00 102.00 94 86105 87 82 93                                                                         69 95       77 81102       85 96 90 96 80 95 94 78 89 87 82 95 92 88 84    89 86 8 9 5
5109000ABC F 52110111110124021210 3120000   6 8 9233666454323534627279119123107122105 81 9810850 995310960103101104 104.00100 109.00  99.00  95.00 104.00 84 91 80 85 82 90                                                                                                       80 87 84 77 85 86 86 83 90 82 91104 95 98110 86102 712  
5110000ABC F 11 78 71 90 74032210 012111111 2 8 3133364221162918535557 91117100115 88 81 78 9639 9244 9445 94 94 96  87.00 88  88.00  86.00  82.00  92.00 82 79 88 80 77 86                                                                         69 65       65 65 74       72 85 89 87 67 88 82 71 86 72 73 84 85 82 84    90 82 6  11
5111000ABC F 11 96103 90 943232 912120000   8 9 9233556554313533575960 94126116134132104118114621126010956116116112 102.00107  98.00 102.00  97.00 108.00105 96115112105118                                                                         89 98       94 90115       98 89110105 98 98107 90 91 96 99113103103102105112103 3 4 3
5112000ABC M 13 84 89 801041182101212101019 6 8 7345456455293235646968 92103 98100 88 92 98104521065011054 95 84108 106.00105 108.00 112.00 112.00 109.00102 92115101 92112                                                                         98 95       95 95 84       87 89 95 89 89 87 97 93 90 88 90100107 81 98101 98102 7 8 9
5113000ABC M213 70 75 681037161  12 911112610 9 9222455453333329556562    96100 98 85 77 64 7037 7237 7835 74 77 76  76.00 80  75.00                      71 72 74 78 74 86                                                                                                       73 72 78 63 71 78 80 77 73 78 82 88 82 86 91 86 87 3 5  
5114000ABC F 83 87 88 891143262 91212000019 5 9 8435566254253837697067101114102112105104108 985010051 9248114110116 105.00100 111.00 104.00 102.00 106.00 97 96100 96 87108                                                                         98 88       94 97 84       89 88 70 96 97 89 91 90 88 86100111103 96100114 95109 914 8
5115000ABC M121 87 84 94 74128210 0 0010111 3 5 6121453332222719335256 84 83 92 93 90 81 71 6841 8241 6733 81 87 78  85.00 90  82.00  89.00  92.00  88.00 75 70 84 76 72 78                                                                         75 85       75 79 82       75 86 79 79 77 86 74 77 88 67 73 77 87 91 84 91105 82 7 612
5116000ABC F 73 82 85 811240221 91212101029 5 5 7233555144252732586765 96117105119 93 99 91 945510051 9451104101105 105.00102 109.00  98.00  98.00  98.00 92 86101106 97117                                                                         87 95       89 92100       95 83 92 90 96 88 95 86 88 89 95105104105102 95103102 3 6 4
5117000ABC F 13 66 70 65104229110 012000014 9 9 8314444522282431375363102111105117 90 76 96 904110757 9047104105103  83.00 84  85.00  98.00  95.00 102.00 93 87102 91 87 98                                                                        101 96       95102 94       98 91 93 96 84 93 97 89102 94 93 92 96 93 93107 94 97 610 5
5118000ABC F1131041041021143172 91212000021 8 8 9422566565343237657075100114 98 96 85 84 86100561055710158113115108  99.00 97 101.00 112.00 114.00 106.00 88 88 90 91 88 96                                                                         97107      100 99108      101 98 97 95 94 95112 88103 88 91 97 99 93 97101 89 99 91210
5119000ABC M 12 86 88 861239232 91212111117 5 8 7123444423212326575157 88 96105109 70 80 68 6839 7536 7634 76 75 82  74.00 74  78.00  76.00  75.00  81.00 82 79 88 85 81 92                                                                            72       69 69 75       75 80 75 79 70 78 80 86 84 77 81 90 84 93 87    97 8210 611
5120000ABC F 22 79 77 841042242 9 012111114 5 3 6133566434283033666566102107134109105100 93110521095610059114114112 112.00106 118.00 107.00  97.00 118.00102 90117109 97121                                                                         77 96       85 81 95       82 84 88 86100 84 98 97 87 89 98100101114 95 92104 9311 6 6
5121000ABC M 21 81 77 89 8382421012120111   8 8 8311564554302922555368 88123116122102104100104461055811162103 96110 102.00102 102.00 109.00 111.00 106.00108 95121 91 90 92                                                                         87115       95 88123       96 90105 99 88 97102 81 88104 88 95 98 98 96 9111410010 8 6
5122000ABC F 81 80 72 92 735322 9 0 20000   9 6 7235555345302834585281 87102 98115 96 85 72 98441024810760 94 99 91  92.00 98  87.00  91.00  95.00  88.00 87 85 92 91 81104                                                                         96 96       96102102       99 92 82111 97 95100 88 93 89 90100 99 95 95107 94 9910 815
5123000ABC F 63 69 70 721240242 9 0 4000017 6 8 7255654545303034505657100102 94 93 73 77 76 6848 7438 8046 80 82 81                   91.00  98.00  86.00          89 90 91                                                                                                                      97 82101107 85 82 96               10    
5201010ABC F 53 81 83 82 839311 9 0 0000011 7 4 8332666324242633624871104126116 93 90 81 98 9841 9648 9651 98 89108 100.00 97 104.00  96.00  88.00 106.00 91 90 95 87 80 96                                                                         94 88       94 84 96       92 86 89105 78 88 92 82 88 96 79 82 96 98 97 98104 9514 8 7
5202010ABC M 91103110 94 94215110 112010114 9 9 9333654552363127515774104123124112 90 92 91 96501064811256123122119 119.00118 115.00                     115115115112107121                                                                                                      117114123108121114100113111107      115105116119113  15  
5203010ABC F111 86 91 811037151 9 3 0101019 8 5 9135555554292834535572102126 96106100 92 93 8450 9653 9656101107 95  91.00 95  90.00  83.00  91.00  77.00 81 84 82 84 87 82                                                                         98 86       93 95106       92 88 81102 81 97 88 91 95 84 82 95 95 91 92 95 86 91 610 3
5204010ABC M 63 79 80 801035181 7 0 0101114 910 7112354344233227574752 79 93 88 81 85 81 96 7644 9648 8746104102104  96.00 92 101.00  92.00  87.00 100.00 90 79105105102109                                                                         96 78       95 88 74       88 86 73 82 96 82 96111 99 83 98108100110 98104112100 810 7
5205010ABC M 21 90 91 91 936182 81212       5 6 42343653132326255242   91103 94102 76 81 72 8452 9748 9352 91 99 85                                       85 94 80 85 85 88                                                                                                       78 82 86 84 82 91102 85 82 84                           
5206010ABC F 52 85 86 851142242 9 3 90 0 14 3 6 72355661352032336948  102123 96 98 98 92 88 94541126010558114112114 105.00 57  56.50 112.00 106.00 117.00101 97106105100111                                                                                                      104110117104108114105105105 99108111103 99115 98113      
5207010ABC M 33 84 85 861140151 9   0001016 6 6 7433465223262431505555 87114110112 70 87 78 8444 9037 9251 91 92 91 100.00 96 105.00  96.00  94.00 100.00 89 86 95 99 96102                                                                        107100      103111106      107 89 93 94 87 90 91 92105100 89 82101 97105112101106 91210
5208010ABC M 121061071031239152 9 0 0000017 9 9 9213666555343537636374104132139116 93 88 81 965210052 8848 97100 95 109.00106 111.00 105.00 103.00 106.00114111115112107112                                                                         98114      108102119      109 99114110 98113114100 96111105100 99 98100103102105 3 5 8
5209010ABC M 62 89 93 85 942182 912  111111 5 9 7131666124163130535876 94114 98 97 97 77 86 7437 7235 7636 78 79 82  84.00 79  91.00  96.00  86.00 108.00 93 87102 89 80102                                                                         74 79       74 80 95       78 84 91 86 89 86 89 82 88 90 94 91 92 87 87    93 92 7 8 9
5210010ABC F 33 89 87 931341151 9 81200002910 6 9344666556373136697278119132132115 98 96108112521125510856117117114  97.00100  95.00 102.00 103.00 101.00 96 98 95 98101 95                                                                         86 98       97 93112       93 89 97109 93105103 91 93 87 92103102 90101103 96 97 91312
5211010ABC F 31 82 84 821243141   112000029 6 610245666366293640727079107114 88109 93 87 76 94501005110060 92 90 96  90.00 88  93.00  91.00  91.00  92.00 82 87 81 84 84 87                                                                        101 98       97 99 92       97 95 97118 89105 83 71 93 90 81100104 95103110 98107 3 8 5
5212010ABC F 43 66 73 60 83832210 312111111 9 8 5311535312312123404757 88103102112 81 71 69 6836 7842 6733 71 75 76  70.00 77  67.00  62.50  61.00  71.50 71 68 72 76 72 78                                                                         69 72       69 72 69       69 58 68 64 63 60 74 71 69 67    78    78 84    89 8211  13
5213010ABC F 23 81 84 81 939282 9  12111111 3 2 6211554011211724454761 74114 92 91 85 88 78 94501065310854 94 97 92  95.00100  91.00 100.00 105.00  93.00 92 88 98 96 90104                                                                         87 90       84 75 79       77 77 72 78 84 75 88 89 83 84 86 88 97 89 96 99 93 97 4 3 3
5214010ABC M 11 88 86 941041192 912121011   5 8 9133556455253333596467118129110119 89 88 93 9652 985310354 96 86107  87.00 92  84.00  96.00  98.00  93.00 85 82 90 86 77100                                                                         84 88       86 87102       88 77 81 86 82 79 88 82 83 84 90100 99 93 94 98102 91 7 413
5215010ABC M 92 98 99 981236131 6 711010127 5 7 9353556454293435586270 74111 92115 9310010810855 965510161103116 88 104.00111  96.00 110.00 111.00 108.00104111 96 92 90 96                                                                         81 95       88 91108       98 98102 98105104 98105 93 96101101101121105100119105 6 9 4
5216010ABC F 21 75 75 79 841252 812121111   4 9 8354466255263636576270107 96 94 89 76 72 74 9031 9050 7840 84 92 77  74.00 82  69.00  81.00  91.00  73.00 72 75 72 76 72 78                                                                         65 75       74 69 69       69 58 62 64 70 60 74 71 69 67 73 79 88 89 92 95 93 8912 5 5
5217010ABC F 11 84 87 83104220110 0 00000   8 9 6112556254263330515861 96 99 89100 98 77 66 8036 8144 8951 86 84 91  88.00101  77.00  83.00  87.00  81.00 86 94 81 85 90 82                                                                         84 86       87 83 92       86 81102 84 94 87 86 91 86 90 88 87 93108 97 95 92 89 81111
5218010ABC M 32 81 79 861040192 9 6 0011114 910 6252355364273825596273 85103 91 81100 92 861044910054 9758102104100 100.00105  93.00 111.00 123.00  95.00 85 95 78 94 95 95                                                                         98 99      100 97111      100 92 84 87101 93 93105 90 83 90111101121100103 97100 312 6
5219010ABC F 11 78 82 75 9402221012121010   5 8 511344522421262953  62 74 83 70 76 78 81 9610042 8445 8746 93 96 92  92.00 98  88.00  90.00  88.00  93.00 74 80 72 76 81 78                                                                         83 92       87 91 82       86 94 75 88 83 85 85 82 87 78 84 97 96 85 90101 99 97 5 7 9
5220010ABC M121 91 95 861141152 9 9120000   9 8 8155656634323234646580 94117 91 76 66 73 71 7537 7238 8142 79 80 82  73.00 85  65.00  76.00  78.00  78.00 81 95 72 81 82 84                                                                         82 86       86 81 84       87 87102106 88 97 91 86 92100 89 84 89 83 87 98 89 89 91211
5221010ABC F 13 87 84 941343202 91212111120 810 8132465355273833626479100 84 70 76 93 73 78 8041 8644 8138 78 74 88  81.00 78  87.00  86.00  79.00  96.00 71 68 75 76 72 78                                                                         77 79       77 72 81       79 75 62 78 69 67 75 72 75 67 73 79 88 89 92    91 871310 9
5222010ABC M 42 84 85 851040212 9 012101014 8 7 5122336222232124454659 91 93 91 87 85 79 78 9630 9853 9348 93 94 95  98.00 98  98.00  90.00  94.00  88.00 91 94 90105106104                                                                         69 98       79 79 97       84 80100 79 94 85 97 98 89 94 98105 88105 86 99100 97 4 7 7
5223010ABC F 32 92 95 901240152 6 8  000027 6 3 611156633120252250     92120132122 93 96 93 9052 9346      96100 93                                       89 88 92 87 80 96                                                                                                       84 82 95 82 86 88 80 88 89 82                           
5224010ABC F121 61 63 641040282 9 0 010101410 8 9231543513322624433652 92117110131 90 75 64 6830 7638 6734 71 72 77  78.00 75  84.00  85.00  85.00  87.00 84 84 87 89 87 93                                                                         65 79       74 77 82       79 87 78 98 82 88 79 84 87 89 77 77 84 78 87 95 86 87 3 6 7
53011 0ABC F 7 10510410512  182      0000   9    1  5  2  29          104117 98                                                                          114111115105102109                                                                                                      114106101109114106109113111107                           
53021 0ABC F 61 93 91 96  40  1 9    0010                              77                                                                                 89 87 93 96 86108                                                                                                       97 88104 86 97102 80102 88 84                           
53031 0ABC M  3 81 83 82      1                                        96                                                                                                                                                                                                                                                                 
53041 0ABC M17  94 94 9512  212      0101                             100   100                                                                           99100 98100100101                                                                                                      102 85 91 99 93 98112101 94 93                           
53051 0ABC M 61104107 991040192      010114 9 8  23 65 52 3732        119 94129134109 85                                                                 105106105101 98104                                                                                                       80 97 78 82 80 98 86 87111 96                           
53061 0ABC F 73 85 89 8212  212      000017 9    1  5  3  23           87    89                                                                          111113106112107108                                                                                                      112114123114118114112105111107                           
53071 0ABC F 52 88 78102    221                                                                                                                                                                                                                                                                                                           
53081 0ABC F151 76 78 77 8  312  12         9 6 831366562336262860     83132116112105 92 76 8641 9655                                                                                                                                                                                                                                     
5401100ABC M 61 78 85 75 938222 912120000   2 5 4222566223192324596271 87117 94100100 87113104441005010154105112 96  90.00100  82.00  96.00 103.00  90.00 93101 87 90 97 85                                                                        104 98       98114108      108104105109 99109 95 90101105 95105 99110100101104 97 815 8
5402100ABC M 51 81 86 77 939222 912120000   710 8323656444333132587274 96102110134123108120112661146211264118116116 108.00111 104.00 107.00 108.00 105.00102 98108101 94111                                                                         74100       86 79102       86 75100 77 91 81 98 96 79 97 89119101114102 95111100 31112
5403100ABC M192 74 75 77 937322 812  101016 9 3 921355531125202744  59101126100131103 87 93 9348 985310456105111 97                   81.00  74.00  92.00 82 78 90 87 75102                                                                         94 96       97 88 88       87 82 72 77 81 79 82 84 86 83 82             91 87 87    10
5404100ABC M 53 98 98 981241172 91212000017 9 9 7113665445332930506281119114134128105 87105 9643 994910960115111116 105.00103 106.00  91.00 100.00  85.00104109 98104103105                                                                         95113      104103118      111 92106102102104 97 94 95105 92 84104 88 95105 94103 81012
5405100ABC M 93 77 71 87 735221101212101020 5 4 7134445336242232454960 88 96 91117111 961051085710155 9650 99110 88 105.00108 101.00 105.00 108.00 102.00 92102 85104101108                                                                         82 92       83 85 82       81102 78 88101 97 94112104 69100105107121105101119105 71014
5406100ABC F153 65 63 731243172 91212101022 6 6 6121454343242624445974114111116112103 92 86 9846 8748 8942 95 85107  92.00 98  88.00  98.00  97.00 100.00 91 81104 84 77 95                                                                         75 79       82 86 84       84 73 80 81 72 75 84 81 79 80 75 97100 87 98 98 86 92 4 7 4
5407100ABC M 83 70 71 73 941201 91212101016 6 8 9324665414292635465562 92111105117115104100 9654 8041 9756 98 99 97  96.00100  93.00  95.00  90.00 102.00 92 97 90100 94106                                                                         77 78       75 77 84       79 78 88 83 91 82 88105 86 87 94106 90108 94 91107 98141011
5408100ABC F 72 83 84 85 941242101212000016 710 9143555434293031727377 90117134112111 85100 924810150 9245 96 95 99 100.00 94 108.00  85.00  81.00  91.00 82 75 92 84 72100                                                                         90 84       89 86 81       87 74 62 72 83 71 83 77 81 67 83 84104                4   3
5409100ABC M 52 78 81 761240162 61212000027 5 9 8111556553293230516664 85 96100 96 90 87 7610248 9949 8443 97102 92 100.00105  93.00  96.00  98.00  95.00 95 97 93 91 95 90                                                                         95 95       92 94108       97 92 93 95102 92 98105 92 92 92 91104100 98106113 98 6 910
5410100ABC M122 93 93 941135152  12121010   7 9 412165543227271839  58 74 83 70 76 68 77 81 9852 904411164101 99104  92.00 95  92.00 104.00  96.00 114.00         101103100                                                                                        79103       88               106112 95102102100 88 98 84 92 91 8610   9
5411100ABC M 93 75 79 73 940272 91212000011 8 7 6233356434302727605767 96114102112100 831081186210255 9347108112101  99.00103  93.00 102.00 108.00  95.00 91101 84 94 96 93                                                                        103 98      102106106      107 97 87109103104 94 91 97 90 98100107 9810311410810912 8 7
5412100ABC F 33 61 63 60 735322 61212010111 91010333556543343536676168 92 89110103119 96110 8258 994810052 99107 91  92.00101  86.00  98.00 102.00  93.00102101104101100102                                                                        100 95       97 92 81       88 92109 91 93 99 91 92 87 98 94105107103102 9810310011 3 5
5413100ABC F 62 95 93 991041182101212101014 5 7 8111564223222725424060107117129103119104108 94581236511062107106107 100.00101  98.00  90.00  90.00  92.00 96 95 98 91 85100                                                                         95103       88 90 94       87 91 91 87 88 89 89 72 94 94 83100101 92 99 99103100 71414
5414100ABC F172 98 921061235132 81212000022 5 7 7253666353293733615978105123105119119 96120110621236511464106111100 108.00112 102.00 105.00 109.00 100.00 91 95 90101101102                                                                                                      102110112110114102100105101107113111113101 981161051311  
5415100ABC M122 93 93 941135152  12121010   8 8 712165644428272443  57 74 83 70 76 76 72 81 9448 935010059 99 96103  92.00 90  98.00 102.00 100.00 106.00         108102114                                                                                        85 81       82               103103 94 96107 94 88 95 87 92 91 8813  15
5416100ABC M 73 84 83 891239161 91212000022 7 9 8214566546333037636470 90123124122117 9210810246 904210758 99 94104 102.00 97 108.00 105.00  90.00 123.00103 95114106 96118                                                                         85 92       86 91 94       89 89 98 95100 95 96 89 88 94 91100 96101 95104101100111512
5417100ABC F 52 78 80 791241172 9 612000017 5   31 13 32 018  18434966 90117110103 93 81 76 9034 8643 9052 93 94 93  90.00 96  86.00  86.00  91.00  84.00 95 90102 82 84 84                                                                        108103      102111 91      102 98 99103 88106 89 86105105 83 77 97 78 96116 8610513 911
5418100ABC M2031101111121342212 812120000291010 83326544643540306873  115123120119134116122120661236411563113119104 118.00123 108.00 127.00 117.00 130.50112107115112107114                                                                        118 97      109116 98      111117 95108119117112112113105100119103121103116119113151512
5419100ABC F103 92 92 941240182101212 0 022 6 8101124544332527266345   98107116106 93104110106521045510556103 96110 101.00105  96.00                     100 92109                                                                                 105112      109106110      114 92 97116 98109                97108 931051091061131511 3
5420100ABC M 62 79 79 82 940131 91212010122 5 8 7344665346283235585279110130100122124112120106551195911462108110104 101.00100 102.00  90.00  84.00 100.00 93 86104 87 79100                                                                         72 96       78 74 95       77 70 88 71 90 74 74 71 69 84 77 97 92 95 90 92 99 91121015
5421100ABC M 62 70 69 751041252 91212011114 6 3 52213430102121186163   96 96116 93103 96 9110055 9452 9053 86 84 91  76.00 82  73.00  84.00  88.00  82.00 74 70 81 81 79 86                                                                         69 83       74 65 83       72 63 72 70 69 63 74 73 69 72 74 97 96 90 90 92 89 8812 913
5422100ABC M 73 83 83 861340142 91212101027 8 9103226556433529285257   90126 89112 98 84105 98571055010260101100101                  112.00 107.00 115.00 97 95101103100108                                                                         88106       92 96106       98 91102105 98103102 99100 96 92                          8
5423100ABC F 83 78 80 791240171 91212000029   5 5 13 36 04  1727545763 90       92100104 90106561146010658101105 97 100.00107  91.00 100.00 101.00  98.00 97 96100 89 96 84                                                                         98 91       94109 97      109106 95112 98107106 85113 94100105101106 98106 95 9710 8 5
5424100ABC F 52 86 91 8212402321012120101271010 8244566655374037586268 92108102 94105104108106551085210860108109105 108.00 57  56.50  90.00  87.00  95.00 89 91 88 91 92 91                                                                         92 99       93 87 90       97 81 93 86 81 86 91 80 88107 92100104 98101104 96100131115
5501110ABC M 61 95 97 921040182 812120000   4 8 9132556125232735566260 98107105103107 96100108561085710861103115 89  92.00 92  93.00  92.00 105.00  82.00 90 87 95 87 90 86                                                                        109107      113113117      113 98 90109 93 99 94 88104103 93105105101101113 99103 91315
5502110ABC F 52 88 85 941139181 91212000027 7 7 6325656235282835515970 96 99116134111100 86104541065410451109105112 101.00 98 104.00 104.00 103.00 105.00 94 92 98 95 91101                                                                         89 92       89 88 91       88 88 80112 91 87 98 95 94 95 89100101 96 94102103 96 8 3 7
5503110ABC F 62 83 85 8410402621012120101  10 6 92455664663238407271   82114 98128109112120114551136110053106102110  86.00 88  86.00  95.00  97.00  93.00 99 97101 81 82 82                                                                         92 92       88 94 89       89 95 75 97 86 93 85 86 91 73 86 95 98 91 94 95 89 961510 7
5504110ABC F 52 96 99 931241162 912120000   5 8 8232644242263126656361107111116109100 87 86 96461065111053105 96114  99.00 91 108.00 110.00 100.00 121.00100102 96105 98114                                                                        114 92      109116108      112105109122 95114108 92103110 97105111100105116 98113 51513
5505110ABC F212 61 67 601038302101212101111 6 7 5223565331252425554257   117110115121 88 95 9052 9146 9352 90 95 86  90.00 96  86.00  86.00  86.00  88.00 89 91 88 82 82 85                                                                         80 69       84 84 82       85 90 75 97 87 82 90 96 95 84 82105 96 95 93108 86 921113 9
5506110ABC F 53 84 87 821241131101212111116 8 8 8122336331252425434954100 99102112 86 73 72 7032 8439 6734 71 79 76  70.00 66  57.00  64.00  62.00  71.50 72 68 81 76 72 84                                                                            79       65    88       66 58 72 64 63 60 74 71 69 67 73 77 84 78 84    86 821010 4
5507110ABC M 52 67 68 711035282 71212010114 8 7 3233654331322618483553100 99 98112100 96 98102441095510155 86 92 81 101.00 57  56.50 101.00 100.00 102.00 92 88 98 95 95 96                                                                         72 83       72 79 99       79 86 77 84 89 83 81 88 86 73 93101 92102 93 92102 9313 7  
5508110ABC M 93 83 81 891042131 91212000028 9 7 7245566345283235616867100122100119117 92108102461054810554 98 96100 102.00106 100.00 104.00 102.00 106.00 91 97 87105102108                                                                        111 84      103113 92      114112 93110108111104 98108 84 97100 98 96 91113105105 3 3 6
5509110ABC M201 93 80110 838262 912121111   910 8445666565374034606364102114116126126104108120591156210762 97 90105 103.00103 104.00  97.00 103.00  91.00 92 90 98101 96108                                                                         84 83       87 84 81       84 71 72 70 99 75 90108 83 79 93119107100102 98119105121011
5510110ABC F 53 84 93 741239151 91212000011 91010132455234253027526162 98 96116 91111100 95 9446 9949 8641 91 97 86  88.00101  77.00  92.00 100.00  87.00 92101 86 88 94 85                                                                        103 95      102112114      107 98 91100 90 94 95103102 91 89100 95106 95115107106 7 6 5
5511110ABC M 63 95 93 981241152 81212001022 7 8 9322466531282932506170 91 83 91100105 96 98 9646 9148 8138 89 87 93  98.00 96 100.00  86.00  90.00  85.00 89 94 86 82 86 81                                                                         98 88       98101 96      101 87 95102 91 91 85 81 94 92 86103106103 93107108103 8 811
5512110ABC F 71100102 961037232 912120000   91010424366655353838677175100114102106107 96 98104541025310260 96106 85  95.00102  88.00  97.00 105.00  90.00 97101 93 92 96 91                                                                        108 99      102105100      108 98111108 82100114 96113107 89 84101103102109 9310012 911
5513110ABC F 7110510410611411621012120000   510 9355466356244040606770102126139134132116122120661185511864125122124 126.00122 124.00 129.00 123.50 126.00115109118112107121                                                                        110111      113116116      121117105123119121114112113111107116111100105116119113 6 3 3
5514110ABC M 72 95 901031140131 91212000022 4 9 8253466366243936666574100103110119106108115118561156211264121121116 113.00115 108.00 107.00 109.00 104.00100100101 97 94102                                                                         94107       94 98108       98 98 90 78 97 90 93 95 93 89 90111102103102 9811510313 814
5515110ABC F 51 85 85 8710411921012120000   4 6 8345466443273037646781 94123129131109112122118591216110855109112103 105.00106 104.00 109.00 114.00 102.00101103 98108102114                                                                        110109      108104106      108 98105109108105104 92105110104119110119105105114109 9 6 3
5516110ABC M 63 94 92 981237131 91212000019 7 8 8325455364293635675780 85 94 96105113 96113110571085411162113119104 126.50123 126.00 101.00  97.00 106.00 91 94 90100100100                                                                         92107       97 92116       99 90 90106101 97 92103 88 98 96119111121 98101119105 91015
5517110ABC F101 75 82 72 838232 612120000   710 9233456335233236676874 83 93 91109134116105110521135811355119115120 114.00108 118.00  99.00  98.00 100.00100 97104103 88121                                                                         83 94       85 91107       90 84 92 95 96 92100 95 90 95 93108 95108 96 95103 97 6 6 6
5518110ABC F 63 90 85 981243162101212000022 7 8 41335663312833286771   96132139134130108105106481015011056111112108 104.00105 104.00 100.00 101.00  98.00 86 85 90 84 81 90                                                                         98 98      103 95112      102 86 95108 97 92 92 94 92 84104103105 98105108110107 91311
5519110ABC M172 86 89 841240202 91212111127 410 6231445321222522  4469    99102100 93 87 83 8944 8245 8247 77 80 78  76.00 81  73.00  78.00  81.00  77.00 76 75 80 78 73 86                                                                         69 74       74 72 75       72 68 75 74 69 67 77 79 81 73 83 82 84 87 84    94 84 7 811
5520110ABC F113 76 77 771237201  1212010117 5 8 7352663431303122555055 82107 91 96103 92 91 8841 9449 9151 88 90 89  78.00 82  77.00  91.00  94.00  90.00 75 77 77 80 84 78                                                                         84 84       86 79 82       82 86 92 86 89 90 86 91 86 86 92 87 93 78 85 98 95 93121310
5521110ABC M131 80 79 85 837262 912121111   5 9 4231665332253223364559 91111110112100 96 86 90501035110054 94 97 92  95.00100  91.00  84.00  80.00  91.00 92 87100108 94121                                                                         74 99       79 84 95       84 77100 82 84 85 87 87 85 98 83 84 85 97 86    95 95 9 911
5522110ABC M 91 78 76 85 942202 912120101   2 5 93354562341929365153   98114100112128104 98 9448 9950 8842 90 87 95  91.00 95  88.00  98.00  97.00 100.00 89 78105 94 75118                                                                         86 84       82 87 92       90 83 82 88 79 85 91 82 86 90 83101101 89 91 99 87 90 511 9
5523110ABC F 72100101 991242172 91212000027 9 6 7113566534333033666964113132120130 98 92110106481004810052104102104 110.00108 111.00 103.00 103.00 104.00111108112101 91114                                                                         91 92       87 86108       89 90102 96103 97102 97 97 97 96103 99106 97101 96 99 5 610
5524110ABC F 93 84 81 90  38322 812121111   7 7 813445620522233655  73 85 94 89106109 96105 98591176510258107109104  99.00102  95.00 103.00  95.00 114.00100 97102100 91111                                                                        103106       99107114      105107104114 92118100 92103106 84108105 98 96103 92100    11
5525110ABC M 61 89 92 8711411521012121010   4 9  2445554552533  606369 92111129103 85 87 95 98341005011158106114 97 101.00111  91.00 113.00 115.00 108.00100105 93103107100                                                                        102107      103 98119      102102 98111104109113112102106107111111108105104112105 61013
6001000CAREM 23 93 89 991040152 9121201  29 9 9 8222 556433532306067         94100 98 73106 9246 9048 9044107100114 105.00100 112.00 102.00  92.00 114.00112106117          91 89 98 86 98 91102 92 99 95 86 92 84105 88 98 111.00 107.00 104.00 98 92109 98106100 96106102104 99 90 95 88102 94                                     512 4
6002000CAREF 81 83 81 891037212 9121200    10 8 7123 56234232631716770      129115100100108110541155710954124107130 114.00112 114.00 104.00 101.00 108.00111107114         108100121107116125129119101121127118113105122122 119.00 121.00 100.00122120117121 99119116125123 96122113114123106121                                    131510
6003000CAREM132 85 77 971141252 8 0 710  22 4 5 7233 553342329286264         98117105 92 83 9155 985010255104101107  93.00 91  98.00  95.00  87.00 105.00 96 95100         104101108 89106106103103 92104 92 83101 86 98 82  72.00  91.00  95.00 88 71 85 84 94 81 85103 98 94 89 86 93 89 93 85                                     8  14
6004000CAREM 12100 951061242232 9121200  18 710 9255 564623240354468         91117111100 91 925410458 9651 96 97 96  97.00 90 106.00  90.00  86.00  96.00107107106         103 87 95 93 98 84 92 93 95 92 83 90 84105 86 90 106.00 102.00  97.00 97 99103115106103106109116110109105110114108112                                     9 8 4
6005000CAREM153 83 85 821241192 8 8 200  171010 8344 664413738306763        120130128108117118591145411864125122130 126.50125 126.00 129.00 123.50 130.50115115121         110102118114116125129118118121122122111118122122 125.00 118.00 118.50119120118121113121116125123123122110104121119118                                     8 812
6006000CAREF113 84 81 901238161 9 81210  22 9 9 8343 54524353330415471      102106 88 85 88 7844 9048 8242 96 92101 101.00 92 112.00  98.00  97.00 100.00103101106          84 89 90 82 82107 85 93 83 94 91 97 98 98 98103 110.00 111.00  95.00104 87 94102 97 89 88 98105 95 92 82 91100102 93                                     5 3 3
6007000CAREF 11 82 76 92 940232 8 1 000  29 5 2 9111 541042121263936        110112 96 88 98 8954 8341 8442 77 76 82  75.00 75  78.00  86.00  94.00  81.00 84 85 85          87 81 69 72 70 84 72 95 81 89 72 86 86 78 82 89  79.00  82.00  83.00 86 85 87 96 83 87 95 92 95 83 92 89 79 83 83 85                                    1112 9
6008000CAREM 13 93 93 951242232 8121200  171010 9122 663413031316164        102112 96 88 96 9652 9153 9252 88 87 92  99.00100  98.00 101.00  95.00 109.00 91 90 95          95 90 96 88 93105102104 86107 92 86 85 90 91 84  99.00  85.00  92.00 90                99105101 98 98 99 97 92 92 97                                     4 7 9
6009000CAREM213102104 99124216210101200  27 91010233 66556323938  69        120128127116122120661236511864125122122 126.00125 115.00 104.00 119.00  87.00110115 98         111109115114115118114115118120127122113118122121 118.00 121.00 118.50122118118121113119114122123123122113102108119121                                     4 3 3
6010000CAREM 13 87 89 861238242 9 61200  20 6 9 7354 645443037316268         91 89106 84105 9244 8544 9752 93 87101 101.00102 100.00  96.00  91.00 102.00 97 95101          86 78 98 96 90 92 79 93103 90 77 86 84100 83 87  87.00  95.00  88.00 83 85 85 87 96 82 88 92 92 85 88 91 77 87100 83                                     7 9 9
6011000CAREM 32 81 76 90 841302 9 01210  15 610 8122 56326263338596464      110126123 96 98 8657 954610762 98 96100  92.00 92  95.00  96.00  96.00  98.00 92 97 90         107 97 95 88 94104 90109 98107 96 83101 96 96 82  82.00  93.00 101.00 87 83 92 89 89 88 90 91100 99 90 92105 84 97 89                                     5 5 3
6012000CAREM173 78 77 841240322 9121210  22 4 2 5112 542222019213358        110 83 76 68 78 8039 8742 9348 87 84 93  92.00 84 105.00                     107112 87         103 86110 88101 96 84105100102 98 86 90 90 95 98  93.00 100.00 102.00 98 94 83 88 94 93 96 92107104 94 86 95 95103 92                                    111410
6013000CAREM 83 69 71 701242192 9 61201  22 910 9224 56656363539606558      108 96103 87 95 96601156310150 93104 84  92.00105  82.00  96.00 105.00  88.00 98 97100         108103115 96110104122105 95111111115 96101108114 119.00  91.00  96.00107105110113103108107114111 95107 91104 90 95 89                                    101012
6014000CAREM 71 88 86 921040212 9        18 9    1     3  27                105                                      70.00 59  70.00  62.50  61.00  78.00                                                                                           61 63 68 75 60 65 63 71 75 66                                                     10 9
6015000CAREF103 86 79 981240142 8 01200  20 7 9 8323 44142233228506169       92117106 92 84 9845 9446 8240 91 84101 100.00 97 104.00 101.00  96.00 108.00 89 77106          86 89 91 83 82100 86105 93101 91102 98 89101100 116.00  91.00  85.00102 94100 97 88 94 99104104 82 99 82 75 82 73 82                                     7 8 9
6016000CAREF 33 98 891101240272 9 0 0    18 9 7 7111 54322282322514154      120119103 85 78 9141 9141 9043 96100 92  95.00102  88.00  87.00  94.00  84.00 89 90 91          93107108 86 98103100106 86108112113100 85108116 119.00 111.00  92.00114 97108109 82 98 95119108 75103 86 82 84 86 85                                     5 7 5
6017000CAREM 11 85 81 92103921210121200  29 9 9 8124 454423131285653        116106 89 99 91 9850 9750 9048 90 82100 100.00 91 109.00  92.00  94.00  93.00 94 94 96          95 91 93 87 94 89 92 96 99 93 86 90 86 96 88 92  99.00  95.00  90.00 90 91100 88 92 90 88 92 96 91 89 86 91 96 88 92                                    12 912
6018000CAREM213 96 99 93124213110121200  29 8 7 8354 654633640296667         99103 96 88 91 9839 9140 9345 92 91 95  92.00 92  95.00  89.00  94.00  86.00 98103 92         109 96105 93106103 93108 95111 98 99 88 89 96 94 111.00 105.00  91.00 96 90107 98 86 96 96106107 91101102105109102112                                     61013
6019000CAREM 21 83 81 871040162 9 0  11  22 9 8 7222 666323031286465        100 98109 78 74 7843 7939 7738 71 72 78  72.00 73  75.00  62.50  61.00  71.50 77 77 81          82 77 66 80 65 91 86 86 78 86 78 77 78 79 74 74  79.00  82.00  86.00 80 72 65 77 86 69 82 63 78 79 75 84 71 84 87 79                                     5   6
6020000CAREF 43 87 84 911038242 9 0 011  21 6 4 6112 543122417254854         71 80103 77 79 9248 8950 9354107101112  92.00 91  96.00  99.00  88.00 111.00103 98109          77 90 66108 65 82 75 84105 79 72 74 75 95 74 74  77.00  76.50 106.00 77 61 72 68105 60 68 77 71110 72 80 89 83100 84                                     7 5 6
6021000CAREF133 93 851041237132 9 91210  2110 5 7113 665353128336867        110106 85 77 73 8037 8847 8345 79 79 84  88.00 82  96.00  87.00  80.00  96.00 87 90 87          95 80118 86 94106 86106107101 92 80 96 95 95 83  74.00  84.00  98.00 87 83 68 85 96 81 92 84102102 88 96 79 93 88 92                                     4 4 3
6022000CAREF 43 94111 88133915210121200  27 7 5 7212 66126272435646966      100109121 96105106581185611862111106115  96.00100  93.00  95.00  96.00  95.00102111 93                                       118110109 94115122 117.00 121.00 100.00122117107121 88117111103120 84117117113120100118                                       6 4
6023000CAREM 82 83 78 921140181  121200     8 5 6344 34442302926485768      116118100 87 981004610050 9651 88 81 97  92.00 88 100.00  81.00  79.00  87.00 85 77 98          90 84 86 90 84 87 72 86 90 87 75 82 86 88 87 75  90.00  76.50  89.00 77 74 79 75 87 79 95 84 91 89 90 88 82 83 79 82                                     7 7 3
6101011CAREF 431101111071242252 9121200  16 810 6152 66434293733586266      110126115100120104431074910847105 97112 107.00 96 120.00  98.00  87.00 111.00 93 88101         104104 96 94 98 93 88 86 94 90 92 92 93 97 94 94 103.00  98.00  90.00 94 92 94101 95 92 92 93 93 82 92 99102103 90100                                     9 6 6
6102011CAREF 92 80 78 8512  152 912 800  19 2 4 7225 560161620385065        123102 98 81 88 9044 9444 9348 91 86 99  93.00 96  92.00  88.00  82.00  96.00 77 75 82          89 92105 83 93112 92105 89113105 92 94 89 99103 110.00 108.00  83.00112 90 98114 75102 97 88120 78102 89 82103 83 87                                     3 3 3
6103011CAREF143 89 87 931335162 9 0 010     810 9123 444642634306556         91103 90 73 64 8834 8143 7539 86 85 91  85.00 84  90.00  92.00  91.00  96.00 91 92 91          87 89 78 71 73 92 84100 73 95 85 79 92 75 91 81  92.00  87.00  83.00 90 74 77 82 80 78 82 82 84 85 86 86 92102 95 97                                     6 5 5
6104011CAREM191 87 88 891140181 912 811  22 7 5  22  3 41 3119  626369       94 95 91 73 83 93   8850 8245 82 87 80  80.00 87  75.00  86.00  90.00  85.00 84 91 80         110 93 88 96 92 97 85103 99100 81 83 89 95 86 75  86.00  82.00  88.00 77 83 75 93 96 84 87 84 96 88 86 98 82 90 89 87                                     8 913
6105011CAREF 52 95 921011038222 9 0 01   14 7 7 6213 56534232825506359       82100 66 69 81 7830 8839 7234 81 72 96  82.00 79  88.00  83.00  79.00  90.00 83 78 91          77 89 69 71 66 91 79 77 73 80 75 89 75 75 75 75  95.00  82.00  81.00 82 67 88 68 75 73 70 84 75 75 75 58 86 69 64 70                                    14 814
6106011CAREF152 93 93 941235152 8121200  21 9 710455 566663735377171        125 91 90100103100501125511263117116115 109.00101 117.00 100.00  98.00 102.00108106109         112 97118 91116114109119118120               108 107.00 118.00 108.00111105111115111106100111123113112 98108114108110                                     5 7 9
6107011CAREM162 74 70 821143161 9 0 011  17 3 2 4223 442311820213335        139112 93 68 83 8639 8445 8035 86 84 91  85.00 92  80.00  84.00  77.00  93.00 81 80 85          97 89105 86 92105 86 95 86 95 92 74 96 89 91 75  71.00  84.00  90.00 79 61 66 82 88 71 68 81 71 91 71 58 74 64 80 60                                      1212
6108011CAREM203 85 84 88 942191 9 91211  22 9 6 8255 664452734386362        102100 88 77 78 7437 7235 7834 80 75 89  84.00 90  81.00  78.00  75.00  85.00 82 87 80          93 89101 84 95 92 89 96 86 95103 74100 90 96 89  93.00 100.00  83.00 97 78 90 95 82 86 82 75 91 86 83 81 87 87 83 81                                     5 3 4
6109011CAREF163 73 75 73123618210121200  18 610 7222 463442634305046        119122105100 88 985511362 9050 96 95 99 105.00106 105.00 102.00 102.00 104.00 87 92 85          77 93 77 85 70105101110105104104 95104 99102100 103.00 108.00 101.00105 97 92 91103 96108120122110118 90 97116 96 94                                     713 9
6110011CAREM201109105112114017210        27 8 810233 66343313634             98110102 77      48                                                                                                                                                                                                                                          
6111011CAREM201 94 96 93 838222 9 4 90   20 7    1     3  24    6662         98 86101 81 93106411004411155106101111 123.00117 126.00 118.00 118.00 114.00108111104         110 97115112111 92118110118111 95113100116101116 125.50 118.00 107.00116120118121112121116114118123118112102121108114                                     61311
6112011CAREM 33 80 85 77123818210121210  29 2 9 5122 650301731184342         94 89 78 68 67 8339 7239 6838 76 80 76  74.00 72  80.00  74.00  74.00  78.00 80 86 75          81 77 66 75 65 82 72 77 92 79 72 74 75 84 74 74  71.00  76.50  81.00 77 61 63 68 87 60 79 63 75 82 72 84 75 90 86 85                                     613 8
6113011CAREF143 89 87 931335162 9 0 010     810 9123 444642634306556         96 98 66 69 64 7836 8444 7638 85 91 81  84.00 79  92.00  84.00  80.00  91.00 82 85 82          87 77 78 73 66 90 87105 73 97 85 79 92 81 91 84  77.00  87.00  81.00 91 73 79 82 75 78 88 92 83 82 86 84 82 92 88 85                                     9 910
6114011CAREM 42 82 75 931040172 8 0  01     8 6 8444 663623335335757        110128 90 85 88 8043 8138 8140 80 76 88                   83.00  84.00  85.00 88 90 88          90 84 86 85 84 89 92 94 87 91 82 87 82 84 83 75  77.00  82.00  86.00 82 68 73 79104 75 77 82 79 93 77 75 72 81 97 79                                    121112
6115011CAREM 41 96103 87 842242 9 0 910  1410 9 9132 66404312933585956      120122100 87 93 9250 9350 9450108 92123 106.00106 106.00  89.00  82.00 100.00103101106          97 84100 92 95100 97 95 96 95 86 77 92 97 87 94  88.00 109.00 105.00 91 90 95108105 95 90 95 87 98 87 78 88 84110 82                                     6 6 8
6116011CAREF153 89 86 951240171 9121201  2210 8 8334 665543732346462        124115105108100100551024810155 92 94 92  93.00 88 101.00  93.00 102.00  86.00 92 94 92          89 98 90 88 90 95 95108 95111107112105 93112108 107.00 120.00  94.00111105102114103108109114116108110 94 97106102102                                     7 6 6
6117011CAREM 93 83 77 931043312 8121211  14 7 4 8232 56432302329536165       98115103 87 90 8843 965110252 93 95 95 100.00 95 106.00  95.00  92.00 100.00 85 86 87         108 95113 87109112108106 86106 97 97 98 96 95100 102.00  89.00  92.00 98 85 82 93 88 88 87 85 84 88 84 75 85 75 92 73                                     9 7 9
6118011CAREM 23 73 74 741238292 9 0 000  2110 9 9244 666403735316356        116117100100 93 8460 9250 9150 89 92 88  78.00 82  77.00  83.00  88.00  80.00 79 86 74          97 86 98 93 98 82 77 88 90 90 92 84 96103 90 92  88.00  91.00 100.00 88 82 78 84 92 80 86 68 94 87 86 82 62 79 91 78                                     9 910
6119011CAREM 52 70 74 691139262 9121210  13 7 8 8255 66216242935586252      102103107100 91 884811663 9458109115100  91.00 95  90.00  86.00  90.00  85.00 89 90 90          88 94 80 94 77109 93110 98107103 86104105100114 112.00 112.00 101.00110 97109 87 96 96102108109 97102 87 95 80 92 84                                    11 611
6120011CAREM151 76 76 80 74018210121210     7 7 9323 66236303139626369       88 93 85 68 95 9830 844110052 88 84 95  83.00 85  84.00  81.00  85.00  80.00 75 75 78          79 86 78 80 67 95 82 96 87 88 89 78 98 81 95 91 117.00  98.00  90.00101 78 86 91 79 81 80 95 92 86 86 59 95 74 72 70                                      13 9
6121011CAREM143 81 83 82 936322 8 3 011  1510 7 7212 533423128244136         98105 78 77 66 8243 8844 7534 89 89 92  91.00 92  92.00  81.00  79.00  86.00 91 86 98         100 88 93 71 85 95 86 87 87 84 93 77 79 89 82 79  71.00  82.00  92.00 79 63 63 79 92 72 65 75 71 88 66 68 72 66 88 66                                      1414
6122011CAREM 93100101 981238181 9    11  23 7 7 6152 66255233534    70      124126111 87105 9639      9648          102.00105 101.00 104.00 100.00 109.00100 91111                                       112112100 96105 97  92.00  97.00  94.00 98 89 99103104 90 77 84 79 96 80 80 92 81 99 79                                       813
6123011CAREF203 95 831121242172 9121200  22 710 8233 36445313534676873      139131115108100102521125510052100 96104 105.00 96 117.00  98.00  91.00 106.00 95 97 93          97 93108 82103 91 87100 86 98 95 99 96 89 98 94  95.00  98.00  92.00 92103 94111 88 95101 97108 90 99 94 91 98 95 95                                    121015
6124011CAREM 52 95 921011038222 9 0 00   14 4 7 6213 56034162525546560       72 86 81 68100 7839 8737 8133 99 90108  84.00 81  88.00  89.00  82.00  98.00 87 91 86          91 88 95 78 89 85 81 92 73 92 75 77 79 75 82 84 107.00  78.00  81.00 90 93 96 90 82 89 93 99 81 78 92 87 97 99 83 95                                     910 9
6125011CAREM 43 79 74 87 841262 9 0 011  19 5 3 5112 364102517264755        116117102 87 73 8039 7935 8138 76 72 85                   77.00  69.00  88.00 78 70 90          91 86 70 83 70 82 84 77 78 79 74 94 79 86 79 82  95.00  96.00  86.00 89 71 88 79 77 81 74 85 78 75 82 70 78 68 68 69                                     91312
6126011CAREF 52 88 87 901135222 9121200  19 3   32 4  52 220  27686670      116112   104110104561095610652125116130 114.00109 117.00                     100 98102         112 97121100113114118119107120123114108105118121 118.00 114.00 114.00118116110116109114113116114109108113 95100101109                                    12 712
6201111CAREM163 70 71 721137212 9121200  22 2 3 6223 55121192428485460      124122121100108 9259 9450 9956105 94116 110.00 98 123.00 100.00  92.00 109.00104 96112         107 99105 89107 92 85110 96103103 90 95 88101109 113.00 118.00  91.00113103 99110 91103 98 90101 86 95 99 91 97 91100                                     912 6
6202111CAREF173 80 79 851238202 9121201  22   8 8333 46642  33305857        100117103 85100 9046 9446 9553 95 87104  89.00 85  96.00  86.00  82.00  92.00 88 95 84         105 88118 93104110 86110 92108104103100 89103116  98.00 109.00  87.00109103 90102 86102 98 83111 83 98 90 95 99 89 91                                     3 8 7
6203111CAREF  3 91 87 971142232                                                                                                                                                                                                                                                                                                           
6204111CAREF 82 93 831071236141 9121200  20 7 6 7243 45312272725546667      120103105 92110100571015311161110101118 103.00 98 105.00 110.00 107.00 112.00101100104         104108119102116106113113 99115118108111 96118121 119.00 121.00  98.00118114110118105114110103116108113102 88104 98 99                                     815 5
6205111CAREM 83 78 80 771240152  121211  29 7 8 8233 666443134366465        116100105 96105 985010352 9350101 99104 103.00 98 109.00 102.00 100.00 106.00 99 95104          95 99108 86102 96110 87 92 95 98 80 87 94 90 97 112.00  85.00  87.00 95 77 98 86 94 82 79 98 87 92 82 80 92 82 89 84                                    12 9 8
6206111CAREM 63 89 90 891141181 9121200  19 9 6 6355 65444363434626769       98117126114115106541054711263106104108  98.00100  96.00  98.00  92.00 105.00 96 97 96          95 93110 94 98100101105 98104104108 75101 79106 103.00 105.00 102.00108 97 99111 92 98 94106110 97 97 98 97 92 98101                                     713 8
6207111CAREF103 90 80103 942182 9121201  15 910 9233 56465353637556565      120122116 92 98100501055011054106101111 106.00101 112.00 107.00 109.00 104.00109 97121         111109113 98111103 89118 99111104 94103102 98105 118.00 111.00 116.00108 94107111108 96 97112107105103 98104 99 97 99                                    131415
6208111CAREM 73 92 96 871240142 9121201  2910 9 9344 66645373340727369       98128128 84100102601105610759114112114 109.00108 109.00 100.00  90.00 111.00 97 92104         108 97120102116106 95103 98104 97104 98100 99112 125.50 105.00 105.00111105108111 88105106108120100109 95113109 98104                                      1512
6209111CAREF2111101091121040131 9121200  29 7 910345 662352735407055         95128134116113106591084911040123109130 126.50125 126.00 129.00 123.50 130.00115115121         112109121114116125129119114121127122113118119121 125.50 121.00 118.00122110118121113121110125121123122104113106113109                                     5 6 5
6210111CAREM 53 96 98 951339132  121211  2210 7 7223 66622373129727073      119115105100 93 924110456 9252 97 90105  84.00 79  92.00  79.00  75.00  86.00 89 88 91          79 93 79 86 71 91 88103 90 95100 75 96 87 90 80  75.00  85.00  89.00 86 74 81 84 86 80 86 95 84 89 86 86 82 89 83 87                                     611 8
6211111CAREM 72 87 85 921039252  121211  19 5 9 5133 553522433256157        105112113116100104481065610251107102111 106.00101 112.00 102.00  95.00 112.00 96 87108          93 93115 93 98103 86103102101 95102100 94103106 103.00 110.00 103.00106100103 95103 96 99 92113104103 84 90 87 92 88                                    10 7 7
6212111CAREF103 84 83 891343232 9 6  01  17 910 8233 6654437353565          1201261311081151045912363                                                    101100104                         92 87104105 97                                           88 99110113 98                85 91 98113 87                                          
6213111CAREM123 86 86 861240151 912120   29 9 9 9355 66563324037646567       98128124116 98104601005310157108107107  97.00101  93.00  97.00 105.00  90.00 89 98 81         108 89115104106105 89103110106 97 87101118100113 105.00  96.00 118.50108104 92104110 98109102119117105 90 95 95103 95                                    151415
6214111CAREM 71 76 72 85 842322 6121200  14 7 7 8122 562202626285062        102119134100100 94561015310354 99 90108  97.00 95 101.00  94.00  97.00  92.00109102115          92 86100 90 99104114 96 95102 81 99 91 89 87 88  91.00  84.00  91.00 86 87100 92 87 90 89103 98 86 92 86102 92 96 92                                     9 913
6215111CAREF111 86 83 92 840322 9        13   7 8 22 55 24  2929               122106 96      56                                                                                                                                                                                                                                          
6216111CAREM103 75 75 78113825110121200  15 4 5 4252 552312430186361        107131123104108 885111361 9550 95 94 97  98.00100  96.00  87.00  90.00  86.00 83 96 72          95 88 95 96101116 95100 95108101 91 84 96 90 97  91.00  89.00  99.00 94 94 85 94 92 95 95 84 83 85 93 97 92 90 94100                                    131011
